2 3 4 5 6 1
0 1452 1452 1452 1452 1452
1452 0 314 476 476 476
1452 314 0 476 476 476
1452 476 476 0 147 147
1452 476 476 147 0 108
1452 476 476 147 108 0
