2 3 4 5 6 1
0 931 931 931 931 931
931 0 201 305 305 305
931 201 0 305 305 305
931 305 305 0 94 94
931 305 305 94 0 69
931 305 305 94 69 0
